,MSSubClass,LotFrontage,LotArea,OverallQual,OverallCond,YearBuilt,YearRemodAdd,MasVnrArea,BsmtFinSF1,BsmtFinSF2,BsmtUnfSF,TotalBsmtSF,1stFlrSF,2ndFlrSF,LowQualFinSF,GrLivArea,BsmtFullBath,BsmtHalfBath,FullBath,HalfBath,BedroomAbvGr,KitchenAbvGr,TotRmsAbvGrd,Fireplaces,GarageYrBlt,GarageCars,GarageArea,WoodDeckSF,OpenPorchSF,EnclosedPorch,3SsnPorch,ScreenPorch,PoolArea,MiscVal,MoSold,YrSold,MSZoning,LandSlope,BldgType,RoofMatl,ExterQual,ExterCond,BsmtQual,BsmtCond,BsmtExposure,BsmtFinType1,BsmtFinType2,HeatingQC,CentralAir,Electrical,KitchenQual,Functional,GarageFinish,GarageQual,GarageCond,PavedDrive,SaleCondition,SalePrice
MSSubClass,1.0,-0.3522667079306286,-0.10971931343795312,0.04896291373590987,-0.07153747619487102,0.041485448800478865,0.06621218206707082,0.026547335140255642,-0.09457798192264082,-0.06458944314437055,-0.10081063079275661,-0.2313796056368039,-0.23455124007280784,0.31492888224179366,0.06256151953928776,0.1025143132416212,-0.037652424860702215,-0.002666338306006505,0.17808079542763716,0.170601775900096,0.0036088058555014536,0.2841929259840686,0.055441444425700065,-0.052183819552600666,0.09081992638677207,-0.02403429078998103,-0.08199807041680086,-0.003032964374726238,0.005192475523889459,-0.03736104642629258,-0.033851767097842086,-0.0332569558803472,0.00995165518460979,-0.008004679854756511,-0.012599205515108146,-0.002249541729846331,-0.016057550315240154,-0.021183234652034925,-0.036865453402646506,-0.050685961307511504,0.029269018572848908,-0.0005827727271220447,0.056668271754217854,0.01707986230980928,0.013422504468892564,-0.04959013048223705,0.008966114010477802,-0.016725408522036453,-0.041375596001010824,-0.012728099144717434,-0.013584198271107645,-0.010316268525016565,-0.006556510702168229,-0.0028164802896911124,0.00953037478774907,-0.015938110891933917,0.015215834769203879,-0.07427906808021045
LotFrontage,-0.3522667079306286,1.0,0.270456161398034,0.20247150319175097,-0.05727722753816545,0.1158724967576627,0.06937359550303851,0.15168266295177982,0.15630555454860867,0.025533128214269153,0.10655117405553846,0.2886872239331478,0.36103436177466613,0.03589211598435233,0.02597550509358318,0.296174967528601,0.10397618937916851,-0.0058275773183341225,0.16982067700944758,0.02598716581597286,0.23334570102118368,0.012247291578011034,0.2929661417505917,0.22183877502969848,0.05663083575707374,0.29391281011164555,0.31060116616319,0.07867797698067609,0.09999595668737356,-0.0044005328361001175,0.03867492933235395,0.02811593597420462,0.07496988567006807,0.00044709844599775603,0.04855630742435354,-0.01726280987455051,-0.06412416004323572,0.02893785135804205,0.04135836228674978,0.021982612467136026,-0.07535475041430605,-0.02584304255799815,-0.04433429089304871,-0.024331455566038822,-0.017431544271823203,0.01778724015160057,-0.028387890044811993,-0.007738182747162791,0.007696594007542369,-0.002635001787020499,-0.06525316131956624,0.0018611254540836343,-0.0037394459242452347,-0.040144320997072144,-0.02347273337595093,-0.00667582108046921,-0.05911504413478001,0.3364359275266451
LotArea,-0.10971931343795312,0.270456161398034,1.0,0.07508539168582129,0.01387474326963379,-0.006030319160689291,0.0011723003952750788,0.07654299236298458,0.1799505222881683,0.1318878110152306,-0.020681817378480686,0.21902609529584818,0.26446217985331927,0.030172909125017126,0.0042898125261225245,0.21873580929804187,0.17203617578157895,0.047879683617998776,0.10910670019593048,-0.012617239557387555,0.1074498159178081,-0.022131560205095553,0.15564348660316937,0.27021549398369915,-0.045081168641266336,0.13968983604847401,0.15090790470233953,0.14820673684135638,0.05375577239533675,-0.027232424979060907,0.01742197134558837,0.03137499704256084,0.029648218970758707,0.037622140750220925,0.011531465215285374,-0.0170691337463892,-0.11272558459223642,-0.0012219776178977776,0.0013202308851977703,-0.0012719355879441964,-0.008390554656970502,0.018483468187089642,0.02452186208261996,-0.05008520608150975,-0.03780714853290682,0.011586609607353025,-0.004129966689594679,0.01133038775333964,-0.048103309892533135,-0.04165733841265104,0.0021894835396675154,-0.029719447119716583,0.03489200014684273,0.017222861088834668,0.012383281903367665,0.010717607626315618,-0.06171969820960038,0.24842071156559278
OverallQual,0.04896291373590987,0.20247150319175097,0.07508539168582129,1.0,-0.07757040288071734,0.5791193256928183,0.559415338192104,0.4138136161003201,0.23046427990549828,-0.0781464972708592,0.2968736774335256,0.530247958894875,0.45742276204580357,0.3026536327477633,-0.022931182154020312,0.587602454859822,0.11811614385209267,-0.03914632618585874,0.5682107347633396,0.2742920622756436,0.10039340149670521,-0.1701406184270728,0.41844631653605113,0.3806892778483663,0.5248007709386903,0.6174601537672663,0.5670645878705911,0.22473370395383283,0.28201728089664796,-0.11680539718132887,0.05153459430626484,0.0740170193530267,0.014480845706520177,-0.0400623672570218,0.0730378655341214,-0.04095447738414738,-0.05199189274059101,0.004715697657000028,0.03994725467117522,-0.005364019079691943,-0.04052149644085355,-0.01611297122195814,0.008495853616086506,0.008076362688791437,0.0017624898797725004,0.052390548358465794,-0.005039689742803631,-0.004876004364426049,0.0179757078465052,0.0070175154594577585,-0.06120042613534704,0.015442595822406936,-0.047611436335487256,0.012645026445976742,0.027814251006447466,0.00013955421728086698,0.02493884229764242,0.7924044208494685
OverallCond,-0.07153747619487102,-0.05727722753816545,0.01387474326963379,-0.07757040288071734,1.0,-0.36102262329118967,0.06847521180573675,-0.11102021253188701,-0.046465767588343775,0.056498892434575836,-0.13011083500453158,-0.16598369515303008,-0.13194954903186507,0.032569752862837635,0.01711857655314224,-0.06678421727523078,-0.030348539209158056,0.10109633480105631,-0.1546241238471298,-0.05224403486986544,0.027151267586750006,-0.06605694485576442,-0.049848555299712265,-0.02037695213082653,-0.2893658732591041,-0.1337786059390643,-0.09797975806433386,0.0012730906199551401,-0.00852846634117396,0.10698821781871531,0.0592674944686267,0.054345551029960325,0.017231294351648576,0.06945903524855601,-0.0019236976904850635,0.05650089462909886,-0.0294923944544359,0.04950422913263193,-0.018240296921416856,0.014236100270571086,0.033433663473511795,-0.0014913786719018543,0.009834062077098905,-0.024545523343555357,-0.0014751374540997633,-0.013959779149939067,0.05579289847496467,0.07173706536270849,-0.06141015285562257,-0.005494970500964888,0.05689539672543167,0.01283345119438903,0.0441885882321155,0.021206841293719397,0.0035901099172594673,0.004552247029042305,0.022448227380803615,-0.0680787607785943
YearBuilt,0.041485448800478865,0.1158724967576627,-0.006030319160689291,0.5791193256928183,-0.36102262329118967,1.0,0.5962548928442867,0.3174945542457223,0.25971603133167054,-0.049111780956640455,0.13156723149660615,0.39753576456414397,0.27049130368460045,0.018521580270114864,-0.19890407797464513,0.19246903686877817,0.19711129777587208,-0.060780307016659076,0.4669860924502161,0.25868459311684266,-0.07567862032538956,-0.17429015354411834,0.087828628428925,0.16408735477631806,0.778330916171242,0.5554043840244903,0.48445322626109105,0.22817494743615355,0.14974277068870592,-0.38095511573106355,0.035445579874180094,-0.03872876281963309,-0.02056938104552425,-0.034167890470405374,-0.0006538808747750402,-0.010014128976207081,0.0030915723105373306,-0.008272860500120206,0.014049832833479603,-0.0003636181449952533,-0.057680696969526,0.036716093476793665,-0.034245416440838894,0.011198374469629244,-0.030672816091027098,0.046781294896393426,-0.022225189511662254,-0.05576224961244942,0.009395298319736378,-0.009913078267222293,-0.1159412083578493,0.014312798003552571,-0.032566215632602376,-0.03413615076104685,0.008541014618530561,-0.019769673183755224,0.04143637884744975,0.5290137543740493
YearRemodAdd,0.06621218206707082,0.06937359550303851,0.0011723003952750788,0.559415338192104,0.06847521180573675,0.5962548928442867,1.0,0.19107899379696594,0.13900112708274456,-0.07030122030823355,0.17153230323337276,0.30323453089800845,0.2409281322581652,0.14790770449347335,-0.07418130279416542,0.2933904316602201,0.1420601015432805,-0.03766499763024592,0.4617482060166544,0.1883692145150464,-0.04261049754490693,-0.13645278689439885,0.19248450353315888,0.12704954582585437,0.6200418211892529,0.45899801475745844,0.39849648418567657,0.19786017514174092,0.21490102623611718,-0.1980941309857635,0.06423555757745754,-0.014410783800045096,-0.007756073037733927,-0.013743617047061034,0.021971313709988217,0.06106598755339975,0.0017609686959640528,-0.019626991497169816,0.03644838971839666,0.024443353207111627,-0.03557809565285292,-0.012867912275295452,-0.042106952951214666,0.0204457851103107,-0.025132093777661513,0.0007968474678207761,0.02850194292448629,-0.016900116156900426,0.01089216088214461,-0.026935991923422588,-0.08447429988070847,0.006886486672689415,-0.033911239770194654,-0.006727595653148345,0.0052542827453029755,0.007307987468968183,0.039405453603811154,0.5162543757696416
MasVnrArea,0.026547335140255642,0.15168266295177982,0.07654299236298458,0.4138136161003201,-0.11102021253188701,0.3174945542457223,0.19107899379696594,1.0,0.2739503591435486,-0.08323440589885084,0.09964556219587345,0.36626484289778205,0.33403838448289125,0.17758887607170043,-0.07247231492355537,0.3865815716179551,0.08339497089193865,0.019624252833485994,0.2779513415149681,0.19663015640250195,0.10215563664109084,-0.0328347145674722,0.26490636485224284,0.25084258294031014,0.2505796584153617,0.371089875574955,0.3548456500089226,0.17257252916046853,0.11090010337538715,-0.13310193348155744,0.008225253971751164,0.05903865672368841,-0.025917374109339166,-0.03363940537895668,0.006246127260222393,-0.036514727382197854,0.03335134338385565,-0.010455104331590121,0.015109145243562412,0.00950908963426402,-0.058415461307341855,0.01210974025669914,0.001490116592037606,-0.02958702277298152,-0.0427800008729079,-0.03409720948866346,-0.0335493579771036,2.43986205427398e-06,0.030015565496341885,-0.005490824221593904,-0.06855758934955718,0.020317941368098398,-0.059751692393267296,0.04323640235052979,0.03540434284732411,0.032420612088439146,0.014146656920712158,0.49766509292419037
BsmtFinSF1,-0.09457798192264082,0.15630555454860867,0.1799505222881683,0.23046427990549828,-0.046465767588343775,0.25971603133167054,0.13900112708274456,0.2739503591435486,1.0,-0.03042505876900346,-0.5255937054051103,0.49892740914882133,0.4244200528524734,-0.17067737941035635,-0.06796599317623556,0.157603028806892,0.6644927685900657,0.06527656308200236,0.06089647611219528,-0.020673387517581233,-0.1115921826754228,-0.1032476638298141,0.012606132475956374,0.26617561341245227,0.14637066382002578,0.25698390516652164,0.29388024877459584,0.2047923724867576,0.09776681230125851,-0.10549339674054008,0.03053225863307303,0.06064502148287955,0.008862590160086432,0.0017873439865918966,0.008303627483654727,-0.0018452671210872776,-0.01757779666071433,0.04020601763147739,0.011634519667598257,0.009669181747004733,-0.0645865496085477,-0.010530777718609932,-0.019765095126595807,-0.012292721090709632,-0.057141334164624046,-0.06738178200690716,-0.06840386552807079,0.0027550852879448216,0.0211747065141907,-0.006090172859176143,-0.07405104503895742,0.0013136792255085464,-0.04707306460984638,0.04157564848893835,0.012217712131946687,0.057922885833534506,0.016351194086336805,0.4189410984276816
BsmtFinSF2,-0.06458944314437055,0.025533128214269153,0.1318878110152306,-0.0781464972708592,0.056498892434575836,-0.049111780956640455,-0.07030122030823355,-0.08323440589885084,-0.03042505876900346,1.0,-0.2327490323200957,0.09395327017694255,0.07806324233001247,-0.12468597638831776,-0.028689931988890794,-0.051772797690651226,0.16299249418093217,0.11094656825204767,-0.1300177505761272,-0.026650368685439525,-0.05460181833682828,-0.03633057984884632,-0.07614877425928726,0.03381209913284127,-0.09370192716188357,-0.056039289468765185,-0.035171096993324276,0.08990097735927648,-0.0273340755438207,0.050112526511064605,-0.02871774509426035,0.08231116621439322,0.03699325878980938,0.001636238879594998,-0.024338508630698495,0.006896395198266796,-0.005529878819309491,-0.03828504546181297,-0.017350411803674654,-0.030397825337001055,-0.01871294999978078,-0.014128631499096156,0.01167541066884361,0.02504469975575729,0.0015515844311160061,0.0037075497274957616,-0.042815248971811784,-0.003196374348379191,-0.014236746318512327,0.03643586015177051,0.030013645891137093,-0.0019074229698697962,-0.018980201139572488,-0.03989622358894595,-0.01200071986019778,0.023479126745343554,0.052673213522856366,-0.023312947439448044
BsmtUnfSF,-0.10081063079275661,0.10655117405553846,-0.020681817378480686,0.2968736774335256,-0.13011083500453158,0.13156723149660615,0.17153230323337276,0.09964556219587345,-0.5255937054051103,-0.2327490323200957,1.0,0.41001435295755045,0.2923969023974277,0.03511035612978182,0.034812684955628316,0.24639992224239377,-0.42976753632416415,-0.11667049934774441,0.29929561794341986,-0.03975053976454122,0.16435809888375982,0.051764045510014414,0.26105090771459355,0.027635075015584695,0.1829316986655224,0.19968378986769458,0.17867126125087335,0.0029874249301205854,0.10794589259312545,0.0032614411736431805,0.028388148683166553,-0.0038656872133586333,-0.027150272440879628,-0.025482373743411023,0.021952859926577598,-0.03399124054307966,0.0020110001913606398,-0.034350386663684486,0.03171914162497494,0.034890685732019484,0.028971672710507455,0.04036490802707748,-0.006366072020464732,0.017731810901356743,0.01583398877637874,0.058371218784685784,0.04704857804259514,-0.03814879421938327,0.044935214778367046,0.011558516849380723,0.007193179771860171,0.020480029430408914,0.009309260936138097,-0.020894724389298715,0.022346372415412614,-0.03304122090056465,-0.016917846049582064,0.19490543349313616
TotalBsmtSF,-0.2313796056368039,0.2886872239331478,0.21902609529584818,0.530247958894875,-0.16598369515303008,0.39753576456414397,0.30323453089800845,0.36626484289778205,0.49892740914882133,0.09395327017694255,0.41001435295755045,1.0,0.7903813847708753,-0.19121386611653002,-0.04632420926846907,0.4090783717102424,0.31466338154742285,-0.012421736498900963,0.33278366467211135,-0.07396365234601061,0.03443930935172896,-0.06885480693680707,0.26096103408710125,0.3254601133230556,0.3144220484064256,0.46403073457871186,0.4889154835821744,0.254880333130309,0.2080909941210949,-0.09031905334386683,0.05184624405155517,0.0911929793031961,-0.005473296549412334,-0.024415917331132495,0.022986772182996246,-0.03532083805667139,-0.018666587785888287,-0.007709258480844491,0.03945961018788149,0.035858663228599506,-0.045180622497494306,0.026174422974129998,-0.023444196708336917,0.014964012842616052,-0.04358473473368359,-0.008741637723049955,-0.039119412155711054,-0.038569966885716185,0.06475286494955697,0.019291611998820804,-0.06013940481177203,0.02233321242713234,-0.04739526082737522,0.007370487155017256,0.03216786229822682,0.03555305783639165,0.019159468781141838,0.643765493319275
1stFlrSF,-0.23455124007280784,0.36103436177466613,0.26446217985331927,0.45742276204580357,-0.13194954903186507,0.27049130368460045,0.2409281322581652,0.33403838448289125,0.4244200528524734,0.07806324233001247,0.2923969023974277,0.7903813847708753,1.0,-0.21805357750382406,-0.01811199512670961,0.5419544826475607,0.2560433733258046,-0.02604721309528515,0.381898261463439,-0.14531123035346294,0.12008856591605561,0.07365896007506913,0.3994286916952045,0.4096017227906293,0.22854178968667718,0.45692689577875784,0.4862137468911218,0.24775246746536192,0.17058034052872478,-0.055859332226348285,0.06724893377882576,0.10320078765580444,0.031422387821513964,-0.024455081371227105,0.04641363194598587,-0.0334642753296598,-0.034754273203828755,-0.008832084142848865,0.047654504885098946,0.031586943790716596,-0.05633250194114028,0.0155554963949263,-0.0217345944137469,0.013859880820852424,-0.02897503368279947,-0.012531737757188742,-0.02127876398860271,-0.001620345575178781,0.04626799423255141,0.03573132230618774,-0.0790053849173542,0.010858701450797625,-0.021754128246222807,0.03927270840056845,0.04469315663865386,0.04871794717048224,0.014904807496613107,0.6241323284819604
2ndFlrSF,0.31492888224179366,0.03589211598435233,0.030172909125017126,0.3026536327477633,0.032569752862837635,0.018521580270114864,0.14790770449347335,0.17758887607170043,-0.17067737941035635,-0.12468597638831776,0.03511035612978182,-0.19121386611653002,-0.21805357750382406,1.0,0.0676825372482916,0.6959422279349823,-0.1881069528295542,0.013706075312171136,0.43188584327645885,0.61034312503463,0.4962453298111547,0.07511398851272584,0.6127624695815748,0.171662628104588,0.08172637969578013,0.20232645492317888,0.15195074024251748,0.08220530281858636,0.23434184294450666,0.03381828215838278,-0.02552525565870759,0.0429658791858509,0.016921506084964934,0.0016642738697570064,0.03937064604556476,-0.026925229797627816,-0.0262453683830262,-0.018115466535246198,0.0198248829085469,-0.012082340365751168,0.015692239923603656,-0.022907481039852014,0.038330714734728676,0.0046315461783084004,0.019304805085078296,0.012127393881453641,0.027666291163805333,0.02713575811214916,-0.05059765548201721,-0.054819523693462296,0.042758012519214246,-0.014811503664811786,-0.007284988627599167,-0.004378335124468372,-0.02169138140984719,-0.0339943957538758,-0.04592679442976799,0.3143451477002818
LowQualFinSF,0.06256151953928776,0.02597550509358318,0.0042898125261225245,-0.022931182154020312,0.01711857655314224,-0.19890407797464513,-0.07418130279416542,-0.07247231492355537,-0.06796599317623556,-0.028689931988890794,0.034812684955628316,-0.04632420926846907,-0.01811199512670961,0.0676825372482916,1.0,0.1464618859982591,-0.05266298728636054,0.0009268740283004473,-0.006991336027689782,-0.015591204770231052,0.11868213953191668,0.01609919858014505,0.13851820059380313,-0.01779311538863904,-0.03363604622878645,-0.08540407182423486,-0.051830381850339016,-0.022518357424986035,0.017336382406001438,0.08203285452351165,-0.0026625485046747168,0.04400711908967478,0.08655911198421662,-0.007303596420505782,-0.01346245807087918,-0.05063843384294674,-0.035771844114088805,-0.02602183274181899,0.016543447561542076,-0.013622863998251916,-0.0005646927191779787,-0.015215317238519,0.04876305860038246,0.02921896471946229,-0.006382756229020817,-0.03773781889059552,-0.03301991189979232,0.006479171481959101,-0.0013305320998282409,-0.0035652343589603753,-0.021587454359243995,0.026563984594594085,0.026918000113477218,-0.06090544565746243,-0.043616494958455966,0.02628823212465086,-0.05430288667891139,-0.02079741857489249
GrLivArea,0.1025143132416212,0.296174967528601,0.21873580929804187,0.587602454859822,-0.06678421727523078,0.19246903686877817,0.2933904316602201,0.3865815716179551,0.157603028806892,-0.051772797690651226,0.24639992224239377,0.4090783717102424,0.5419544826475607,0.6959422279349823,0.1464618859982591,1.0,0.021693560861907994,-0.00726416198731896,0.6437760862847317,0.41003685146732405,0.5204200876174682,0.11901191368609904,0.8247999593197338,0.442211549308865,0.23239496789574657,0.49578299166183815,0.477843524485523,0.2479368500157039,0.32477659408735743,-0.0036399484200298395,0.027088590967292395,0.11613427131828186,0.046097917273407535,-0.01715614671534831,0.06582767127742564,-0.0523945046435886,-0.051237637441676046,-0.024457582559512945,0.05322747213350456,0.011379310063124013,-0.027801429955451647,-0.009644436104154183,0.021650299481660005,0.017015076675093572,-0.005397972176015026,-0.0027083294839320773,0.004575907491845438,0.022490717065192706,-0.009323221767892216,-0.02080960391856867,-0.023523642448091558,-0.0019294655986924973,-0.01927630933454466,0.018676618409605713,0.00971464613360499,0.009364812049516372,-0.033634547127419846,0.7192149884930235
BsmtFullBath,-0.037652424860702215,0.10397618937916851,0.17203617578157895,0.11811614385209267,-0.030348539209158056,0.19711129777587208,0.1420601015432805,0.08339497089193865,0.6644927685900657,0.16299249418093217,-0.42976753632416415,0.31466338154742285,0.2560433733258046,-0.1881069528295542,-0.05266298728636054,0.021693560861907994,1.0,-0.14997084183821208,-0.052953128956947405,-0.05598605963654624,-0.15740330552700393,-0.09048729670646562,-0.0629792139693796,0.14796059454529173,0.12886626968389286,0.14828709972703535,0.18795769925209868,0.1862241228649112,0.053937724306709935,-0.057353187129268735,-0.01223427976627093,0.029948423309037762,0.033472045641072354,-0.03227148729512367,-0.043832142573175074,0.05899288685921276,-0.014913533441890158,0.031127030568636863,-0.027474549115725253,0.012497207640942011,-0.05991010988752736,0.010507795326682614,-0.04307069753543373,-0.0020434599399631265,-0.029264429062327714,-0.03922202645513013,-0.038538296347270545,-0.04236629014662083,0.036254865161988406,0.016163944586288562,-0.038318709123073016,0.028958100763072814,-0.026463191571872387,0.02069476703011995,0.028557809456464914,0.03387935613684102,0.04645640641449544,0.2533043758654987
BsmtHalfBath,-0.002666338306006505,-0.0058275773183341225,0.047879683617998776,-0.03914632618585874,0.10109633480105631,-0.060780307016659076,-0.03766499763024592,0.019624252833485994,0.06527656308200236,0.11094656825204767,-0.11667049934774441,-0.012421736498900963,-0.02604721309528515,0.013706075312171136,0.0009268740283004473,-0.00726416198731896,-0.14997084183821208,1.0,-0.04379536624385016,-0.020221492223297177,0.061364364076722515,-0.06622205101331949,-0.041181982842199275,0.034569507521438066,-0.09356417235953361,-0.03922656647359062,-0.039366102336994745,0.0195721202233415,0.0008639760599161281,0.016808883002700226,0.06504200568233398,0.030183500942814627,0.04113455431161454,-0.00410666197064103,0.06656721879216115,-0.04129839622405391,-0.018640598217693916,-0.01656058574971781,-0.0032840550916532906,-0.024571837613848985,0.027576034973492692,0.03314897892027802,0.05458062090480042,0.013761133100215846,-0.09573216079659443,-0.03559810597714845,-0.0392069700037772,0.06866449919350316,0.015659148111505414,0.014148970486177474,0.030304799691174084,0.0012865796497797146,0.014547894815581525,0.040641961588479214,0.0372741381878807,0.03907214227751012,0.006377404953734241,-0.019862341051247134
FullBath,0.17808079542763716,0.16982067700944758,0.10910670019593048,0.5682107347633396,-0.1546241238471298,0.4669860924502161,0.4617482060166544,0.2779513415149681,0.06089647611219528,-0.1300177505761272,0.29929561794341986,0.33278366467211135,0.381898261463439,0.43188584327645885,-0.006991336027689782,0.6437760862847317,-0.052953128956947405,-0.04379536624385016,1.0,0.14004486338382352,0.3467795275027163,0.13721485090416533,0.544643299348514,0.23835728098707865,0.4676543994759731,0.486804785028435,0.42098083853409884,0.19687960751803277,0.2549088173803384,-0.12367985992770093,0.05327987299634553,-0.011583230762456211,-0.00692697757572483,-0.028464259610025668,0.046822696075190365,-0.027060372032617304,-0.04996261392550035,-0.03108995492369828,0.015144491946525031,0.019223121023926926,0.0009690639271424305,0.03348909719393303,0.006044089058626695,6.20351996997086e-05,0.005727188909367156,0.036196847646572494,0.045832189022405774,-0.03045535083686515,-0.031379457775239296,-0.046971507299154544,-0.05036407508622075,-0.037484239056129465,-0.015316065847749293,-0.016250274673287747,-0.026486348649591807,0.006611249175627734,-0.029150163306929395,0.5754571877836773
HalfBath,0.170601775900096,0.02598716581597286,-0.012617239557387555,0.2742920622756436,-0.05224403486986544,0.25868459311684266,0.1883692145150464,0.19663015640250195,-0.020673387517581233,-0.026650368685439525,-0.03975053976454122,-0.07396365234601061,-0.14531123035346294,0.61034312503463,-0.015591204770231052,0.41003685146732405,-0.05598605963654624,-0.020221492223297177,0.14004486338382352,1.0,0.23621533950043183,-0.10406809213985756,0.33298582961311596,0.20549856183020163,0.1975474463826399,0.22256424974182748,0.16494814690850462,0.1135498345260804,0.20203301968611598,-0.12429106843894018,-0.004276438256534532,0.08910039613847413,-0.014839306031809238,0.001768924399979478,-0.010675474517561831,-0.016722680953447814,-0.017874254948936876,-0.04318812828287285,0.04176670366657933,-0.033983354925995586,0.03418336151580674,-0.012483714850514487,0.027450488233417322,0.019969811386764753,0.006114397374046949,0.0017100550006738055,-0.028358655747341185,0.03216312147007189,-0.015098229897042917,-0.021926294023436474,0.03202926787826703,-0.001113176303149946,0.01769221083428373,-0.02347846180312138,-0.009156074290362292,-0.02820194224171054,0.015780447274240834,0.28220062071753066
BedroomAbvGr,0.0036088058555014536,0.23334570102118368,0.1074498159178081,0.10039340149670521,0.027151267586750006,-0.07567862032538956,-0.04261049754490693,0.10215563664109084,-0.1115921826754228,-0.05460181833682828,0.16435809888375982,0.03443930935172896,0.12008856591605561,0.4962453298111547,0.11868213953191668,0.5204200876174682,-0.15740330552700393,0.061364364076722515,0.3467795275027163,0.23621533950043183,1.0,0.20901021365451117,0.6761343960090873,0.09045559033179572,-0.05983335648267951,0.08091251476631144,0.05948337092226827,0.04662704889025079,0.08574390583792721,0.027781916354881576,-0.018314106435479423,0.032949670342383934,0.047940105478151106,-0.006960031213383411,0.06511912145297764,-0.05489168856951983,0.026275787881764642,0.026303761417820745,0.019768214549545984,-0.027863588704173468,0.022509294159064035,-0.012095181337709315,0.015285923736693076,-0.001039217965322435,-0.013164563858668168,0.005012157859371171,0.01129770475720792,0.019082076269851273,-0.040464306608568604,0.020644435800760547,0.03820786264706084,-0.04840259691197813,-0.0049307135540800585,0.04200681132450798,-0.02433393903706436,-0.04624655923105353,-0.05416874702888283,0.16490825222918654
KitchenAbvGr,0.2841929259840686,0.012247291578011034,-0.022131560205095553,-0.1701406184270728,-0.06605694485576442,-0.17429015354411834,-0.13645278689439885,-0.0328347145674722,-0.1032476638298141,-0.03633057984884632,0.051764045510014414,-0.06885480693680707,0.07365896007506913,0.07511398851272584,0.01609919858014505,0.11901191368609904,-0.09048729670646562,-0.06622205101331949,0.13721485090416533,-0.10406809213985756,0.20901021365451117,1.0,0.2688165235603248,-0.12100691837772512,-0.11121051059672228,-0.053101106985130306,-0.05708756870534293,-0.08034746502811656,-0.052787124779772376,0.012217867955390815,-0.023993690796741213,-0.046944634392501315,-0.012445365840723971,0.07862829844533399,0.03698062965243419,0.0462955697041182,0.013117602748299534,0.05378586045587157,-0.006800949233046799,0.014074237157151401,0.02341315699879416,-0.003709089116130052,0.03791006891416046,0.013598187319631737,-0.032396042395535764,-0.08013343118035027,0.004133465787454789,-0.015845147151822944,-0.012445210516879511,0.017963720922171557,-0.00970890235671629,-0.02051886178460492,0.009115570311059275,0.035463248067587556,0.032524562235624686,0.0009771287764688925,-0.07915890413359143,-0.13230118975024832
TotRmsAbvGrd,0.055441444425700065,0.2929661417505917,0.15564348660316937,0.41844631653605113,-0.049848555299712265,0.087828628428925,0.19248450353315888,0.26490636485224284,0.012606132475956374,-0.07614877425928726,0.26105090771459355,0.26096103408710125,0.3994286916952045,0.6127624695815748,0.13851820059380313,0.8247999593197338,-0.0629792139693796,-0.041181982842199275,0.544643299348514,0.33298582961311596,0.6761343960090873,0.2688165235603248,1.0,0.30660266504692385,0.14539088332330305,0.370260663426267,0.3424201362446854,0.17343650613053185,0.23294635022238747,-0.004339867578864418,-0.014829302567084628,0.05537393635309196,0.008008374904971558,0.012939812055866739,0.04845043996300994,-0.04296444392377502,-0.01441559053674938,-0.0002672068897197302,0.056099105933974706,0.0072589904578878525,0.006562139563591956,-0.03281771856193178,0.02361133225965472,0.03094875491732329,-0.01748792000077966,-0.0018124002812007448,0.012729687878800263,0.039924033150650184,-0.02832312088855188,0.011934590107297274,-0.009499021712956794,-0.02308678410924559,-0.0009469781495643857,0.021484891706837265,0.008351409477780913,-0.014651949874520093,-0.06102788271585734,0.5311606477256
Fireplaces,-0.052183819552600666,0.22183877502969848,0.27021549398369915,0.3806892778483663,-0.02037695213082653,0.16408735477631806,0.12704954582585437,0.25084258294031014,0.26617561341245227,0.03381209913284127,0.027635075015584695,0.3254601133230556,0.4096017227906293,0.171662628104588,-0.01779311538863904,0.442211549308865,0.14796059454529173,0.034569507521438066,0.23835728098707865,0.20549856183020163,0.09045559033179572,-0.12100691837772512,0.30660266504692385,1.0,0.06762336237565847,0.3333035243602667,0.28696708677865035,0.21577963737908415,0.1568172389722314,-0.03891306997947895,0.011207141946080091,0.20476847935973905,0.03619656530233293,-0.012896416876321266,0.07001288150288178,-0.04348345809226803,-0.10060431821845495,-0.004686184337779494,0.04242926949502087,-0.0012008785918792213,-0.05037998505336914,0.034722702353315565,-0.023616130239258605,0.0015022614350357249,-0.03794177975434839,-0.0121456007686319,-0.011621559340894599,0.005258410010570384,0.025448214980418393,-0.0293301684870681,-0.029737875402433774,-0.020085493341031293,-0.01830681571830244,0.009242347317353633,0.00729349149575044,-0.005083704523728206,0.024429638872269267,0.4746799253613848
GarageYrBlt,0.09081992638677207,0.05663083575707374,-0.045081168641266336,0.5248007709386903,-0.2893658732591041,0.778330916171242,0.6200418211892529,0.2505796584153617,0.14637066382002578,-0.09370192716188357,0.1829316986655224,0.3144220484064256,0.22854178968667718,0.08172637969578013,-0.03363604622878645,0.23239496789574657,0.12886626968389286,-0.09356417235953361,0.4676543994759731,0.1975474463826399,-0.05983335648267951,-0.11121051059672228,0.14539088332330305,0.06762336237565847,1.0,0.48990499229739026,0.47777562828260833,0.2231176959294482,0.19419931749587677,-0.3045754235654627,0.03446237433528958,-0.07019991271476037,-0.04424312692909949,-0.031997174509272544,-0.00660714442566442,0.004521846175856064,0.03426597793896871,-0.033037191502896,0.033087787149196746,-0.016139574053524605,-0.038177114388178016,0.022515096987482698,-0.0355535100916002,0.052490395610092236,-0.008034868358893938,0.0016740920625590054,0.006399132569957808,-0.06244239150179481,0.02908532380414596,-0.004907261500759996,-0.09361084286600535,0.0018299396191368644,-0.04221322973906244,-0.0279797400553487,0.012359694343982092,-0.028331996121293064,0.054512453854359724,0.47730680801202596
GarageCars,-0.02403429078998103,0.29391281011164555,0.13968983604847401,0.6174601537672663,-0.1337786059390643,0.5554043840244903,0.45899801475745844,0.371089875574955,0.25698390516652164,-0.056039289468765185,0.19968378986769458,0.46403073457871186,0.45692689577875784,0.20232645492317888,-0.08540407182423486,0.49578299166183815,0.14828709972703535,-0.03922656647359062,0.486804785028435,0.22256424974182748,0.08091251476631144,-0.053101106985130306,0.370260663426267,0.3333035243602667,0.48990499229739026,1.0,0.8877656293104395,0.2293040005357735,0.20723887685550282,-0.17013682987082374,0.04468924367477334,0.0678962210767448,2.411781653514253e-05,-0.04529678747839716,0.060376875551865834,-0.06407331220625571,-0.040903437587383226,-0.04001444512140347,0.009590131994722487,0.020134325551603223,-0.03286868042461754,0.033031646982543614,-0.03689400985432308,-0.015983704651197556,0.034159806708361676,0.008112655541031973,-0.009598262061753841,0.0005482787121700667,-0.0020956059200298257,0.006484720815083527,-0.036848073255555176,0.0010968478289929426,-0.038370534390935004,0.0033368212864765766,0.014836444717955137,0.02808467673589266,0.006562408260625863,0.6655146724495133
GarageArea,-0.08199807041680086,0.31060116616319,0.15090790470233953,0.5670645878705911,-0.09797975806433386,0.48445322626109105,0.39849648418567657,0.3548456500089226,0.29388024877459584,-0.035171096993324276,0.17867126125087335,0.4889154835821744,0.4862137468911218,0.15195074024251748,-0.051830381850339016,0.477843524485523,0.18795769925209868,-0.039366102336994745,0.42098083853409884,0.16494814690850462,0.05948337092226827,-0.05708756870534293,0.3424201362446854,0.28696708677865035,0.47777562828260833,0.8877656293104395,1.0,0.22074585759443732,0.22209056174880956,-0.13453324032411626,0.04161776329983236,0.06933605169022408,0.008410468222872466,-0.029763380357337065,0.04564599110494584,-0.04852791429367559,-0.03985332113995384,-0.030391006527753107,0.016692082633838395,0.01774464583045786,-0.020491388150309195,0.036896841002318576,-0.016902888069948267,-0.017125347834119592,0.027636033627181904,0.010277565780596106,-0.01257784686296744,0.0003216434947589021,0.012124250790987392,0.011096593370653149,-0.026147343016930072,0.007976214860380595,-0.04287425203147044,0.0020417368052110807,0.024970890700356938,0.007223441442107016,0.007636348014674122,0.6513933116172799
WoodDeckSF,-0.003032964374726238,0.07867797698067609,0.14820673684135638,0.22473370395383283,0.0012730906199551401,0.22817494743615355,0.19786017514174092,0.17257252916046853,0.2047923724867576,0.08990097735927648,0.0029874249301205854,0.254880333130309,0.24775246746536192,0.08220530281858636,-0.022518357424986035,0.2479368500157039,0.1862241228649112,0.0195721202233415,0.19687960751803277,0.1135498345260804,0.04662704889025079,-0.08034746502811656,0.17343650613053185,0.21577963737908415,0.2231176959294482,0.2293040005357735,0.22074585759443732,1.0,0.0438468683112479,-0.14381009056456356,-0.03145097889093868,-0.05892769757230597,0.09428691353186308,-0.008397517331954202,0.01841466700424274,0.02622564091671975,-0.02753049210050938,-0.012244255451505523,0.023116927682887624,-0.011905009519013106,-0.007444805874370369,0.01269225555183476,-0.0018526633653206696,0.028555421314324335,-0.015030275120305114,0.019640256709164812,-0.003991544443747373,-0.0052419321429408375,-0.01982065560542473,0.046693231265087586,-0.013070783939827442,0.015002518774669668,0.008076946026918315,0.049392484117259626,0.07219345361496378,-0.012964522449640971,0.055666692525178536,0.3262868776046688
OpenPorchSF,0.005192475523889459,0.09999595668737356,0.05375577239533675,0.28201728089664796,-0.00852846634117396,0.14974277068870592,0.21490102623611718,0.11090010337538715,0.09776681230125851,-0.0273340755438207,0.10794589259312545,0.2080909941210949,0.17058034052872478,0.23434184294450666,0.017336382406001438,0.32477659408735743,0.053937724306709935,0.0008639760599161281,0.2549088173803384,0.20203301968611598,0.08574390583792721,-0.052787124779772376,0.23294635022238747,0.1568172389722314,0.19419931749587677,0.20723887685550282,0.22209056174880956,0.0438468683112479,1.0,-0.0898669751530415,0.002578406866082436,0.11975194485380845,0.022562061472165267,-0.026793970329149697,0.0708465201887465,-0.0594590119594497,-0.06034263084447445,-0.04028886302131698,0.04631084622617108,-0.011867654753747217,0.015001473279007024,0.021154159130481177,0.04768780190368189,0.027320362590909524,0.031045166561189202,-0.03224849602722778,-0.016766928315346995,-0.0053298519000029914,0.03299485350836131,-0.004188499354959366,0.01692532777133527,0.0338260264062863,-0.001299418938988402,0.02522884279138451,0.039409947778359634,-0.0026101204319386867,0.012644929788601201,0.3075511518118579
EnclosedPorch,-0.03736104642629258,-0.0044005328361001175,-0.027232424979060907,-0.11680539718132887,0.10698821781871531,-0.38095511573106355,-0.1980941309857635,-0.13310193348155744,-0.10549339674054008,0.050112526511064605,0.0032614411736431805,-0.09031905334386683,-0.055859332226348285,0.03381828215838278,0.08203285452351165,-0.0036399484200298395,-0.057353187129268735,0.016808883002700226,-0.12367985992770093,-0.12429106843894018,0.027781916354881576,0.012217867955390815,-0.004339867578864418,-0.03891306997947895,-0.3045754235654627,-0.17013682987082374,-0.13453324032411626,-0.14381009056456356,-0.0898669751530415,1.0,-0.036826647165872,-0.0861014960369279,0.09089159546966938,0.018345928589971434,-0.016169420415434187,-0.015164678292804951,0.004940972302032802,-0.024371202120384558,0.017889692609962687,0.0022394490275622373,0.06475125998103631,-0.048980726239581315,0.031458340641356615,-0.044135581151379034,0.015573628459106054,0.01938014571221561,0.03699766516770896,0.04177375460427729,-0.02092569147984831,-0.03971481018462427,0.0782151495771227,0.01874487510480214,-0.012653313170968135,-0.0211645834613751,-0.07255139118058772,0.003111182028261425,-0.06492620600422487,-0.1355258342316226
3SsnPorch,-0.033851767097842086,0.03867492933235395,0.01742197134558837,0.05153459430626484,0.0592674944686267,0.035445579874180094,0.06423555757745754,0.008225253971751164,0.03053225863307303,-0.02871774509426035,0.028388148683166553,0.05184624405155517,0.06724893377882576,-0.02552525565870759,-0.0026625485046747168,0.027088590967292395,-0.01223427976627093,0.06504200568233398,0.05327987299634553,-0.004276438256534532,-0.018314106435479423,-0.023993690796741213,-0.014829302567084628,0.011207141946080091,0.03446237433528958,0.04468924367477334,0.04161776329983236,-0.03145097889093868,0.002578406866082436,-0.036826647165872,1.0,-0.03190142480948365,-0.007231261765321454,-0.010833953878458693,0.042939275627755034,0.012789493682244291,-0.02324926770587895,0.015284587692819703,0.013475107871857272,-0.012457987788988238,-0.015876193513645265,0.00210306488640123,0.01356106211375933,-0.011640298929272524,0.01891988863297656,-0.0749759626158621,0.03126802005792531,-0.0028050489061185635,0.006208795189877027,-0.0009070570634043813,0.014332978219143176,0.02429252730914665,-0.006321805861262164,0.020605583886181777,0.01889808835982049,0.01893645735636995,-0.016294805702161297,0.06298762977716524
ScreenPorch,-0.0332569558803472,0.02811593597420462,0.03137499704256084,0.0740170193530267,0.054345551029960325,-0.03872876281963309,-0.014410783800045096,0.05903865672368841,0.06064502148287955,0.08231116621439322,-0.0038656872133586333,0.0911929793031961,0.10320078765580444,0.0429658791858509,0.04400711908967478,0.11613427131828186,0.029948423309037762,0.030183500942814627,-0.011583230762456211,0.08910039613847413,0.032949670342383934,-0.046944634392501315,0.05537393635309196,0.20476847935973905,-0.07019991271476037,0.0678962210767448,0.06933605169022408,-0.05892769757230597,0.11975194485380845,-0.0861014960369279,-0.03190142480948365,1.0,-0.016547054221782938,0.01734706575403956,0.027619950439151723,-0.01589078063986943,0.06441597606018216,0.0051214666942047985,-0.0036268020492641853,-0.0075796424480937,0.010159619789066765,0.017534323940780763,0.06736819517086824,0.04325087400487601,-0.05010476871081279,-0.06311910676982625,-0.053793544392296944,0.049699546694695465,0.006313604691312267,0.010513151959118434,0.03410916913350708,-0.0360880976339696,0.01438413931341218,-0.026574464336346967,-0.01668750570597298,0.010543416221898033,-0.012194920987951607,0.10850979100195862
PoolArea,0.00995165518460979,0.07496988567006807,0.029648218970758707,0.014480845706520177,0.017231294351648576,-0.02056938104552425,-0.007756073037733927,-0.025917374109339166,0.008862590160086432,0.03699325878980938,-0.027150272440879628,-0.005473296549412334,0.031422387821513964,0.016921506084964934,0.08655911198421662,0.046097917273407535,0.033472045641072354,0.04113455431161454,-0.00692697757572483,-0.014839306031809238,0.047940105478151106,-0.012445365840723971,0.008008374904971558,0.03619656530233293,-0.04424312692909949,2.411781653514253e-05,0.008410468222872466,0.09428691353186308,0.022562061472165267,0.09089159546966938,-0.007231261765321454,-0.016547054221782938,1.0,-0.005619498919993635,-0.031115926786938062,-0.06264847231386407,-0.07110742344995587,-0.012343205815936968,-0.02084737983132644,-0.006461874373003423,0.031156115651106566,-0.019847331342299355,0.00012142571707499263,0.013859734586692797,0.0307132162065379,0.005161264361230294,0.016218511442550956,-0.002282583334477833,0.014113509192111575,-0.037054679351713395,0.015816114193087427,0.012600370327318195,-0.01089081893097028,0.01068797760201548,0.009802311170911479,0.015319137456834086,-0.04327683770647372,0.028581036092289132
